

1	Helmuth_Elastic_1966			R.A. Helmuth, D.H. Turk, Elastic moduli of hardened Portland cement and tricalcium silicate pastes: effect of porosity, REt EIVED. (1966) 135.
2	Haecker_Modelling_2005			C.-J. Haecker, E.J. Garboczi, J.W. Bullard, R.B. Bohn, Z. Sun, S.P. Shah, T. Voigt, Modeling the linear elastic properties of Portland cement paste, Cement and Concrete Research. 35 (2005) 1948–1960. https://doi.org/10.1016/j.cemconres.2005.05.001.
3	Boumiz_Mechanical_1996			A. Boumiz, C. Vernet, F.C. Tenoudji, Mechanical properties of cement pastes and mortars at early ages: Evolution with time and degree of hydration, Advanced Cement Based Materials. 3 (1996) 94–106. https://doi.org/10.1016/S1065-7355(96)90042-5.
4	Tamtsia_Early_2004			B.T. Tamtsia, J.J. Beaudoin, J. Marchand, The early age short-term creep of hardening cement paste: load-induced hydration effects, Cement and Concrete Composites. 26 (2004) 481–489. https://doi.org/10.1016/S0958-9465(03)00079-9.
5	Wang_Ultrasonic_2011			X. Wang, K.V. Subramaniam, Ultrasonic monitoring of capillary porosity and elastic properties in hydrating cement paste, Cement and Concrete Composites. 33 (2011) 389–401. https://doi.org/10.1016/j.cemconcomp.2010.11.001.
6	Constantinides_Effect_2004			G. Constantinides, F.-J. Ulm, The effect of two types of C-S-H on the elasticity of cement-based materials: Results from nanoindentation and micromechanical modeling, Cement and Concrete Research. 34 (2004) 67–80. https://doi.org/10.1016/S0008-8846(03)00230-8.
7	Lura_Autogenous_2003			P. Lura, O.M. Jensen, K. van Breugel, Autogenous shrinkage in high-performance cement paste: An evaluation of basic mechanisms, Cement and Concrete Research. 33 (2003) 223–232. https://doi.org/10.1016/S0008-8846(02)00890-6.
8	Chamrova_Modelling_2010			R. Chamrova, Modelling and measurement of elastic properties of hydrating cement paste, PhD Thesis, EPFL, 2010. http://biblion.epfl.ch/EPFL/theses/2010/4606/EPFL_TH4606.pdf (accessed March 13, 2013).
9	Sun_modeling_2007			Z. Sun, E.J. Garboczi, S.P. Shah, Modeling the elastic properties of concrete composites: Experiment, differential effective medium theory, and numerical simulation, Cement and Concrete Composites. 29 (2007) 22–38. https://doi.org/10.1016/j.cemconcomp.2006.07.020.
10	Maruyama_Cement_2014			I. Maruyama, G. Igarashi, Cement Reaction and Resultant Physical Properties of Cement Paste, Journal of Advanced Concrete Technology. 12 (2014) 200–213. https://doi.org/10.3151/jact.12.200.

id	ref	age (days)	DOH	wc	mC3S	mC2S	mC3A	mC4AF	Gypsum	MgO	Hemihydrate	Anhydrite	CaCO3	Inert	E	nu	G	K	Sta_Dyn
1	1	240	1	0.583	100	0	0	0	0	0	0	0	0	0	14.410	0.271	5.654	10.549	1
2	1	240	1	0.564	100	0	0	0	0	0	0	0	0	0	15.168	0.263	5.998	10.756	1
3	1	240	1	0.521	100	0	0	0	0	0	0	0	0	0	17.237	0.258	6.826	11.859	1
4	1	240	1	0.496	100	0	0	0	0	0	0	0	0	0	18.340	0.258	7.239	13.238	1
5	1	240	1	0.336	100	0	0	0	0	0	0	0	0	0	28.751	0.269	11.307	20.891	1
6	1	240	1	0.317	100	0	0	0	0	0	0	0	0	0	30.199	0.269	12.135	20.064	1
7	1	420	1	0.259	100	0	0	0	0	0	0	0	0	0	36.749	0.310	13.996	32.199	1
8	1	420	1	0.257	100	0	0	0	0	0	0	0	0	0	36.266	0.307	13.858	31.440	1
9	1	420	1	0.254	100	0	0	0	0	0	0	0	0	0	37.163	0.279	14.617	28.062	1
10	1	420	1	0.800	46.7	24.9	12.7	8.2	3.3	2.6	0	0	0	0	6.964	0.098	3.172	2.896	1
11	1	420	1	0.795	46.7	24.9	12.7	8.2	3.3	2.6	0	0	0	0	6.964	0.264	2.758	4.895	1
12	1	420	1	0.610	46.7	24.9	12.7	8.2	3.3	2.6	0	0	0	0	11.101	0.219	4.551	6.550	1
13	1	420	1	0.606	46.7	24.9	12.7	8.2	3.3	2.6	0	0	0	0	11.445	0.306	4.344	9.860	1
14	1	420	1	0.421	46.7	24.9	12.7	8.2	3.3	2.6	0	0	0	0	20.684	0.284	8.067	15.996	1
15	1	420	1	0.420	46.7	24.9	12.7	8.2	3.3	2.6	0	0	0	0	20.271	0.235	8.205	12.755	1
16	1	420	1	0.324	46.7	24.9	12.7	8.2	3.3	2.6	0	0	0	0	28.269	0.310	10.825	24.821	1
17	1	420	1	0.311	46.7	24.9	12.7	8.2	3.3	2.6	0	0	0	0	28.889	0.257	11.514	21.650	1
18	1	180	1	0.612	46.5	24.3	12.4	8.2	4	2.5	0	0	0	0	11.445	0.239	4.619	7.308	1
19	1	180	1	0.587	46.5	24.3	12.4	8.2	4	2.5	0	0	0	0	12.066	0.276	4.688	8.894	1
20	1	180	1	0.565	46.5	24.3	12.4	8.2	4	2.5	0	0	0	0	13.376	0.285	5.171	10.342	1
21	1	180	1	0.508	46.5	24.3	12.4	8.2	4	2.5	0	0	0	0	15.513	0.267	6.067	11.032	1
22	1	180	1	0.507	46.5	24.3	12.4	8.2	4	2.5	0	0	0	0	16.134	0.286	6.274	12.411	1
23	1	180	1	0.502	46.5	24.3	12.4	8.2	4	2.5	0	0	0	0	16.685	0.268	6.550	11.928	1
24	1	180	1	0.498	46.5	24.3	12.4	8.2	4	2.5	0	0	0	0	16.616	0.297	6.412	13.583	1
25	1	180	1	0.498	46.5	24.3	12.4	8.2	4	2.5	0	0	0	0	16.134	0.266	6.343	11.445	1
26	1	180	1	0.424	46.5	24.3	12.4	8.2	4	2.5	0	0	0	0	21.167	0.222	8.687	12.755	1
27	1	180	1	0.409	46.5	24.3	12.4	8.2	4	2.5	0	0	0	0	21.650	0.290	8.343	17.237	1
28	1	180	1	0.402	46.5	24.3	12.4	8.2	4	2.5	0	0	0	0	22.201	0.243	8.894	14.410	1
29	1	180	1	0.392	46.5	24.3	12.4	8.2	4	2.5	0	0	0	0	21.994	0.279	8.618	16.616	1
30	1	210	1	0.566	46.5	24.3	12.4	8.2	4	2.5	0	0	0	0	13.790	0.313	5.240	12.273	1
31	1	210	1	0.550	46.5	24.3	12.4	8.2	4	2.5	0	0	0	0	13.996	0.279	5.447	10.411	1
32	1	210	1	0.533	46.5	24.3	12.4	8.2	4	2.5	0	0	0	0	14.824	0.280	5.792	8.205	1
33	1	210	1	0.486	46.5	24.3	12.4	8.2	4	2.5	0	0	0	0	17.375	0.275	6.826	12.962	1
34	1	210	1	0.485	46.5	24.3	12.4	8.2	4	2.5	0	0	0	0	17.306	0.240	6.964	11.032	1
35	1	210	1	0.483	46.5	24.3	12.4	8.2	4	2.5	0	0	0	0	17.306	0.269	6.826	12.480	1
36	1	210	1	0.399	46.5	24.3	12.4	8.2	4	2.5	0	0	0	0	22.477	0.291	8.687	17.857	1
37	1	210	1	0.391	46.5	24.3	12.4	8.2	4	2.5	0	0	0	0	22.477	0.280	8.756	17.030	1
38	1	210	1	0.390	46.5	24.3	12.4	8.2	4	2.5	0	0	0	0	22.477	0.316	8.550	20.340	1
39	1	720	1	0.644	46.5	24.3	12.4	8.2	4	2.5	0	0	0	0	10.963	0.240	4.413	7.033	1
40	1	720	1	0.635	46.5	24.3	12.4	8.2	4	2.5	0	0	0	0	11.238	0.358	4.137	13.238	1
41	1	720	1	0.622	46.5	24.3	12.4	8.2	4	2.5	0	0	0	0	11.307	0.205	4.688	6.412	1
42	1	720	1	0.451	46.5	24.3	12.4	8.2	4	2.5	0	0	0	0	19.995	0.220	8.136	11.859	1
43	1	720	1	0.436	46.5	24.3	12.4	8.2	4	2.5	0	0	0	0	21.305	0.269	8.343	15.306	1
44	1	720	1	0.421	46.5	24.3	12.4	8.2	4	2.5	0	0	0	0	21.650	0.273	8.550	15.927	1
45	2	14	0.52	0.25	63.8	8.5	4.9	7.7	2.5	0	2.4	1.8	0	8.4	31.09	0.29	12.03	24.94	1
46	2	14	0.59	0.3	63.8	8.5	4.9	7.7	2.5	0	2.4	1.8	0	8.4	28.13	0.29	10.94	21.88	1
47	2	14	0.67	0.35	63.8	8.5	4.9	7.7	2.5	0	2.4	1.8	0	8.4	25.00	0.29	9.69	19.87	1
48	2	14	0.73	0.4	63.8	8.5	4.9	7.7	2.5	0	2.4	1.8	0	8.4	21.72	0.36	7.97	26.37	1
49	2	14	0.76	0.45	63.8	8.5	4.9	7.7	2.5	0	2.4	1.8	0	8.4	19.69	0.29	7.66	15.31	1
50	2	14	0.77	0.5	63.8	8.5	4.9	7.7	2.5	0	2.4	1.8	0	8.4	17.34	0.32	6.56	16.19	1
51	2	14	0.81	0.55	63.8	8.5	4.9	7.7	2.5	0	2.4	1.8	0	8.4	15.94	0.34	5.94	16.82	1
52	2	14	0.81	0.6	63.8	8.5	4.9	7.7	2.5	0	2.4	1.8	0	8.4	15.00	0.37	5.47	19.44	1
53	2	56	0.57	0.25	63.8	8.5	4.9	7.7	2.5	0	2.4	1.8	0	8.4	33.57	0.29	13.04	26.35	1
54	2	56	0.67	0.3	63.8	8.5	4.9	7.7	2.5	0	2.4	1.8	0	8.4	30.18	0.30	11.61	25.15	1
55	2	56	0.76	0.35	63.8	8.5	4.9	7.7	2.5	0	2.4	1.8	0	8.4	26.96	0.35	10.00	29.61	1
56	2	56	0.80	0.4	63.8	8.5	4.9	7.7	2.5	0	2.4	1.8	0	8.4	23.57	0.29	9.11	19.08	1
57	2	56	0.82	0.45	63.8	8.5	4.9	7.7	2.5	0	2.4	1.8	0	8.4	21.79	0.33	8.21	20.88	1
58	2	56	0.84	0.5	63.8	8.5	4.9	7.7	2.5	0	2.4	1.8	0	8.4	19.46	0.36	7.14	23.59	1
59	2	56	0.87	0.55	63.8	8.5	4.9	7.7	2.5	0	2.4	1.8	0	8.4	18.21	0.34	6.79	19.23	1
60	2	56	0.88	0.6	63.8	8.5	4.9	7.7	2.5	0	2.4	1.8	0	8.4	17.32	0.31	6.61	15.26	1
61	2	56	0.57	0.25	70.5	9.1	8.7	1.1	0	0	1.6	3.6	5.2	0	33.67	0.25	13.49	22.25	1
62	2	56	0.68	0.3	70.5	9.1	8.7	1.1	0	0	1.6	3.6	5.2	0	31.20	0.25	12.43	21.20	1
63	2	56	0.77	0.35	70.5	9.1	8.7	1.1	0	0	1.6	3.6	5.2	0	28.27	0.30	10.91	23.06	1
64	2	56	0.83	0.4	70.5	9.1	8.7	1.1	0	0	1.6	3.6	5.2	0	25.22	0.30	9.74	20.52	1
65	2	56	0.90	0.45	70.5	9.1	8.7	1.1	0	0	1.6	3.6	5.2	0	22.29	0.27	8.80	15.92	1
66	2	56	0.93	0.5	70.5	9.1	8.7	1.1	0	0	1.6	3.6	5.2	0	19.82	0.28	7.74	15.04	1
67	2	56	0.97	0.55	70.5	9.1	8.7	1.1	0	0	1.6	3.6	5.2	0	17.71	0.28	6.92	13.40	1
68	2	56	0.99	0.6	70.5	9.1	8.7	1.1	0	0	1.6	3.6	5.2	0	15.95	0.28	6.22	12.25	1
69	2	28	0.53	0.25	70.5	9.1	8.7	1.1	0	0	1.6	3.6	5.2	0	31.09	0.23	12.67	18.97	1
70	2	28	0.63	0.3	70.5	9.1	8.7	1.1	0	0	1.6	3.6	5.2	0	29.09	0.25	11.61	19.59	1
71	2	28	0.72	0.35	70.5	9.1	8.7	1.1	0	0	1.6	3.6	5.2	0	26.51	0.30	10.21	21.97	1
72	2	28	0.80	0.4	70.5	9.1	8.7	1.1	0	0	1.6	3.6	5.2	0	24.05	0.31	9.15	21.56	1
73	2	28	0.85	0.45	70.5	9.1	8.7	1.1	0	0	1.6	3.6	5.2	0	21.23	0.27	8.33	15.70	1
74	2	28	0.88	0.5	70.5	9.1	8.7	1.1	0	0	1.6	3.6	5.2	0	19.00	0.31	7.27	16.36	1
75	2	28	0.90	0.55	70.5	9.1	8.7	1.1	0	0	1.6	3.6	5.2	0	16.89	0.31	6.45	14.75	1
76	2	28	0.91	0.6	70.5	9.1	8.7	1.1	0	0	1.6	3.6	5.2	0	15.25	0.30	5.87	12.71	1
77	3	0.116	0.025	0.35	64.67	13.38	11.20	0.88	6.81	0.55	0.00	0.00	0.00	0.24	0.41	0.49	0.14	7.31	1
78	3	0.124	0.029	0.35	64.67	13.38	11.20	0.88	6.81	0.55	0.00	0.00	0.00	0.24	0.71	0.48	0.24	6.70	1
79	3	0.132	0.036	0.35	64.67	13.38	11.20	0.88	6.81	0.55	0.00	0.00	0.00	0.24	0.95	0.47	0.32	5.54	1
80	3	0.137	0.043	0.35	64.67	13.38	11.20	0.88	6.81	0.55	0.00	0.00	0.00	0.24	1.13	0.47	0.38	5.46	1
81	3	0.144	0.046	0.35	64.67	13.38	11.20	0.88	6.81	0.55	0.00	0.00	0.00	0.24	1.37	0.46	0.47	5.33	1
82	3	0.152	0.051	0.35	64.67	13.38	11.20	0.88	6.81	0.55	0.00	0.00	0.00	0.24	1.61	0.45	0.55	5.08	1
83	3	0.158	0.056	0.35	64.67	13.38	11.20	0.88	6.81	0.55	0.00	0.00	0.00	0.24	1.85	0.44	0.64	5.18	1
84	3	0.160	0.061	0.35	64.67	13.38	11.20	0.88	6.81	0.55	0.00	0.00	0.00	0.24	2.02	0.43	0.71	5.11	1
85	3	0.166	0.066	0.35	64.67	13.38	11.20	0.88	6.81	0.55	0.00	0.00	0.00	0.24	2.32	0.43	0.81	5.26	1
86	3	0.171	0.071	0.35	64.67	13.38	11.20	0.88	6.81	0.55	0.00	0.00	0.00	0.24	2.56	0.42	0.90	5.44	1
87	3	0.175	0.076	0.35	64.67	13.38	11.20	0.88	6.81	0.55	0.00	0.00	0.00	0.24	2.74	0.41	0.97	5.36	1
88	3	0.180	0.081	0.35	64.67	13.38	11.20	0.88	6.81	0.55	0.00	0.00	0.00	0.24	2.92	0.41	1.04	5.29	1
89	3	0.189	0.086	0.35	64.67	13.38	11.20	0.88	6.81	0.55	0.00	0.00	0.00	0.24	3.34	0.40	1.20	5.37	1
90	3	0.195	0.090	0.35	64.67	13.38	11.20	0.88	6.81	0.55	0.00	0.00	0.00	0.24	3.58	0.39	1.29	5.33	1
91	3	0.201	0.096	0.35	64.67	13.38	11.20	0.88	6.81	0.55	0.00	0.00	0.00	0.24	3.94	0.38	1.43	5.54	1
92	3	0.206	0.101	0.35	64.67	13.38	11.20	0.88	6.81	0.55	0.00	0.00	0.00	0.24	4.18	0.38	1.52	5.67	1
93	3	0.214	0.111	0.35	64.67	13.38	11.20	0.88	6.81	0.55	0.00	0.00	0.00	0.24	4.60	0.37	1.68	5.81	1
94	3	0.221	0.122	0.35	64.67	13.38	11.20	0.88	6.81	0.55	0.00	0.00	0.00	0.24	4.96	0.36	1.82	5.85	1
95	3	0.229	0.131	0.35	64.67	13.38	11.20	0.88	6.81	0.55	0.00	0.00	0.00	0.24	5.38	0.35	1.99	5.95	1
96	3	0.237	0.140	0.35	64.67	13.38	11.20	0.88	6.81	0.55	0.00	0.00	0.00	0.24	5.85	0.34	2.18	6.18	1
97	3	0.245	0.152	0.35	64.67	13.38	11.20	0.88	6.81	0.55	0.00	0.00	0.00	0.24	6.33	0.33	2.37	6.34	1
98	3	0.260	0.161	0.35	64.67	13.38	11.20	0.88	6.81	0.55	0.00	0.00	0.00	0.24	6.75	0.33	2.54	6.50	1
99	3	0.268	0.170	0.35	64.67	13.38	11.20	0.88	6.81	0.55	0.00	0.00	0.00	0.24	7.23	0.32	2.73	6.76	1
100	3	0.273	0.180	0.35	64.67	13.38	11.20	0.88	6.81	0.55	0.00	0.00	0.00	0.24	7.47	0.32	2.83	6.85	1
101	3	0.281	0.189	0.35	64.67	13.38	11.20	0.88	6.81	0.55	0.00	0.00	0.00	0.24	7.95	0.31	3.02	7.10	1
102	3	0.287	0.199	0.35	64.67	13.38	11.20	0.88	6.81	0.55	0.00	0.00	0.00	0.24	8.36	0.31	3.19	7.37	1
103	3	0.303	0.211	0.35	64.67	13.38	11.20	0.88	6.81	0.55	0.00	0.00	0.00	0.24	8.78	0.31	3.36	7.63	1
104	3	0.311	0.219	0.35	64.67	13.38	11.20	0.88	6.81	0.55	0.00	0.00	0.00	0.24	9.02	0.30	3.46	7.70	1
105	3	0.324	0.229	0.35	64.67	13.38	11.20	0.88	6.81	0.55	0.00	0.00	0.00	0.24	9.44	0.30	3.63	7.86	1
106	3	0.336	0.239	0.35	64.67	13.38	11.20	0.88	6.81	0.55	0.00	0.00	0.00	0.24	9.98	0.30	3.85	8.17	1
107	3	0.349	0.249	0.35	64.67	13.38	11.20	0.88	6.81	0.55	0.00	0.00	0.00	0.24	10.45	0.29	4.05	8.39	1
108	3	0.357	0.260	0.35	64.67	13.38	11.20	0.88	6.81	0.55	0.00	0.00	0.00	0.24	10.81	0.29	4.19	8.57	1
109	3	0.378	0.269	0.35	64.67	13.38	11.20	0.88	6.81	0.55	0.00	0.00	0.00	0.24	11.23	0.29	4.36	8.79	1
110	3	0.398	0.280	0.35	64.67	13.38	11.20	0.88	6.81	0.55	0.00	0.00	0.00	0.24	11.71	0.28	4.57	8.92	1
111	3	0.404	0.288	0.35	64.67	13.38	11.20	0.88	6.81	0.55	0.00	0.00	0.00	0.24	12.07	0.28	4.71	9.19	1
112	3	0.428	0.299	0.35	64.67	13.38	11.20	0.88	6.81	0.55	0.00	0.00	0.00	0.24	12.43	0.28	4.85	9.46	1
113	3	0.442	0.308	0.35	64.67	13.38	11.20	0.88	6.81	0.55	0.00	0.00	0.00	0.24	12.72	0.28	4.97	9.61	1
114	3	0.461	0.320	0.35	64.67	13.38	11.20	0.88	6.81	0.55	0.00	0.00	0.00	0.24	13.14	0.28	5.15	9.81	1
115	3	0.471	0.329	0.35	64.67	13.38	11.20	0.88	6.81	0.55	0.00	0.00	0.00	0.24	13.44	0.28	5.27	9.99	1
116	3	0.500	0.340	0.35	64.67	13.38	11.20	0.88	6.81	0.55	0.00	0.00	0.00	0.24	13.98	0.27	5.49	10.20	1
117	3	0.538	0.350	0.35	64.67	13.38	11.20	0.88	6.81	0.55	0.00	0.00	0.00	0.24	14.39	0.26	5.69	10.17	1
118	3	0.595	0.359	0.35	64.67	13.38	11.20	0.88	6.81	0.55	0.00	0.00	0.00	0.24	14.75	0.26	5.86	10.21	1
119	3	0.606	0.369	0.35	64.67	13.38	11.20	0.88	6.81	0.55	0.00	0.00	0.00	0.24	14.99	0.26	5.95	10.37	1
120	3	0.650	0.378	0.35	64.67	13.38	11.20	0.88	6.81	0.55	0.00	0.00	0.00	0.24	15.59	0.26	6.21	10.63	1
121	3	0.679	0.389	0.35	64.67	13.38	11.20	0.88	6.81	0.55	0.00	0.00	0.00	0.24	15.95	0.25	6.36	10.76	1
122	3	0.750	0.400	0.35	64.67	13.38	11.20	0.88	6.81	0.55	0.00	0.00	0.00	0.24	16.42	0.25	6.57	10.94	1
123	3	0.796	0.408	0.35	64.67	13.38	11.20	0.88	6.81	0.55	0.00	0.00	0.00	0.24	16.78	0.25	6.73	11.03	1
124	3	0.862	0.418	0.35	64.67	13.38	11.20	0.88	6.81	0.55	0.00	0.00	0.00	0.24	17.14	0.24	6.91	10.97	1
125	3	0.951	0.428	0.35	64.67	13.38	11.20	0.88	6.81	0.55	0.00	0.00	0.00	0.24	17.62	0.24	7.12	11.17	1
126	3	0.988	0.439	0.35	64.67	13.38	11.20	0.88	6.81	0.55	0.00	0.00	0.00	0.24	17.92	0.24	7.25	11.32	1
127	3	1.070	0.449	0.35	64.67	13.38	11.20	0.88	6.81	0.55	0.00	0.00	0.00	0.24	18.33	0.23	7.44	11.43	1
128	3	1.148	0.459	0.35	64.67	13.38	11.20	0.88	6.81	0.55	0.00	0.00	0.00	0.24	18.57	0.23	7.56	11.40	1
129	3	1.184	0.468	0.35	64.67	13.38	11.20	0.88	6.81	0.55	0.00	0.00	0.00	0.24	18.87	0.23	7.68	11.55	1
130	3	1.210	0.478	0.35	64.67	13.38	11.20	0.88	6.81	0.55	0.00	0.00	0.00	0.24	19.16	0.23	7.81	11.72	1
131	3	1.343	0.487	0.35	64.67	13.38	11.20	0.88	6.81	0.55	0.00	0.00	0.00	0.24	19.64	0.22	8.05	11.73	1
132	3	1.295	0.500	0.35	64.67	13.38	11.20	0.88	6.81	0.55	0.00	0.00	0.00	0.24	19.76	0.22	8.06	11.97	1
133	3	0.144	0.035	0.40	64.67	13.38	11.20	0.88	6.81	0.55	0.00	0.00	0.00	0.24	0.46	0.49	0.16	5.70	1
134	3	0.148	0.042	0.40	64.67	13.38	11.20	0.88	6.81	0.55	0.00	0.00	0.00	0.24	0.58	0.48	0.20	5.46	1
135	3	0.155	0.046	0.40	64.67	13.38	11.20	0.88	6.81	0.55	0.00	0.00	0.00	0.24	0.82	0.48	0.28	6.24	1
136	3	0.157	0.052	0.40	64.67	13.38	11.20	0.88	6.81	0.55	0.00	0.00	0.00	0.24	0.82	0.47	0.28	5.22	1
137	3	0.164	0.056	0.40	64.67	13.38	11.20	0.88	6.81	0.55	0.00	0.00	0.00	0.24	1.00	0.47	0.34	5.06	1
138	3	0.167	0.061	0.40	64.67	13.38	11.20	0.88	6.81	0.55	0.00	0.00	0.00	0.24	0.99	0.46	0.34	4.38	1
139	3	0.174	0.066	0.40	64.67	13.38	11.20	0.88	6.81	0.55	0.00	0.00	0.00	0.24	1.29	0.46	0.44	5.24	1
140	3	0.181	0.071	0.40	64.67	13.38	11.20	0.88	6.81	0.55	0.00	0.00	0.00	0.24	1.47	0.45	0.51	5.31	1
141	3	0.184	0.075	0.40	64.67	13.38	11.20	0.88	6.81	0.55	0.00	0.00	0.00	0.24	1.53	0.45	0.53	4.98	1
142	3	0.189	0.082	0.40	64.67	13.38	11.20	0.88	6.81	0.55	0.00	0.00	0.00	0.24	1.65	0.44	0.57	4.88	1
143	3	0.196	0.086	0.40	64.67	13.38	11.20	0.88	6.81	0.55	0.00	0.00	0.00	0.24	1.83	0.44	0.64	4.91	1
144	3	0.203	0.090	0.40	64.67	13.38	11.20	0.88	6.81	0.55	0.00	0.00	0.00	0.24	2.07	0.43	0.72	5.20	1
145	3	0.203	0.095	0.40	64.67	13.38	11.20	0.88	6.81	0.55	0.00	0.00	0.00	0.24	2.18	0.43	0.76	5.29	1
146	3	0.208	0.102	0.40	64.67	13.38	11.20	0.88	6.81	0.55	0.00	0.00	0.00	0.24	2.36	0.43	0.83	5.40	1
147	3	0.217	0.111	0.40	64.67	13.38	11.20	0.88	6.81	0.55	0.00	0.00	0.00	0.24	2.60	0.42	0.92	5.17	1
148	3	0.226	0.121	0.40	64.67	13.38	11.20	0.88	6.81	0.55	0.00	0.00	0.00	0.24	2.90	0.41	1.03	5.14	1
149	3	0.237	0.131	0.40	64.67	13.38	11.20	0.88	6.81	0.55	0.00	0.00	0.00	0.24	3.31	0.40	1.19	5.40	1
150	3	0.245	0.141	0.40	64.67	13.38	11.20	0.88	6.81	0.55	0.00	0.00	0.00	0.24	3.61	0.39	1.30	5.48	1
151	3	0.253	0.150	0.40	64.67	13.38	11.20	0.88	6.81	0.55	0.00	0.00	0.00	0.24	3.91	0.38	1.41	5.55	1
152	3	0.261	0.162	0.40	64.67	13.38	11.20	0.88	6.81	0.55	0.00	0.00	0.00	0.24	4.33	0.38	1.57	5.85	1
153	3	0.270	0.172	0.40	64.67	13.38	11.20	0.88	6.81	0.55	0.00	0.00	0.00	0.24	4.68	0.37	1.71	6.01	1
154	3	0.275	0.182	0.40	64.67	13.38	11.20	0.88	6.81	0.55	0.00	0.00	0.00	0.24	4.98	0.37	1.82	6.15	1
155	3	0.284	0.191	0.40	64.67	13.38	11.20	0.88	6.81	0.55	0.00	0.00	0.00	0.24	5.28	0.36	1.94	6.28	1
156	3	0.295	0.201	0.40	64.67	13.38	11.20	0.88	6.81	0.55	0.00	0.00	0.00	0.24	5.58	0.35	2.06	6.26	1
157	3	0.304	0.210	0.40	64.67	13.38	11.20	0.88	6.81	0.55	0.00	0.00	0.00	0.24	5.93	0.35	2.20	6.48	1
158	3	0.319	0.220	0.40	64.67	13.38	11.20	0.88	6.81	0.55	0.00	0.00	0.00	0.24	6.41	0.34	2.40	6.60	1
159	3	0.332	0.231	0.40	64.67	13.38	11.20	0.88	6.81	0.55	0.00	0.00	0.00	0.24	6.77	0.33	2.55	6.63	1
160	3	0.342	0.241	0.40	64.67	13.38	11.20	0.88	6.81	0.55	0.00	0.00	0.00	0.24	7.31	0.33	2.75	7.05	1
161	3	0.352	0.252	0.40	64.67	13.38	11.20	0.88	6.81	0.55	0.00	0.00	0.00	0.24	7.73	0.32	2.92	7.24	1
162	3	0.368	0.259	0.40	64.67	13.38	11.20	0.88	6.81	0.55	0.00	0.00	0.00	0.24	8.09	0.32	3.07	7.33	1
163	3	0.401	0.268	0.40	64.67	13.38	11.20	0.88	6.81	0.55	0.00	0.00	0.00	0.24	8.69	0.31	3.32	7.57	1
164	3	0.412	0.280	0.40	64.67	13.38	11.20	0.88	6.81	0.55	0.00	0.00	0.00	0.24	8.98	0.31	3.44	7.76	1
165	3	0.420	0.290	0.40	64.67	13.38	11.20	0.88	6.81	0.55	0.00	0.00	0.00	0.24	9.34	0.31	3.57	8.06	1
166	3	0.431	0.298	0.40	64.67	13.38	11.20	0.88	6.81	0.55	0.00	0.00	0.00	0.24	9.76	0.31	3.74	8.39	1
167	3	0.451	0.308	0.40	64.67	13.38	11.20	0.88	6.81	0.55	0.00	0.00	0.00	0.24	10.06	0.30	3.86	8.42	1
168	3	0.469	0.319	0.40	64.67	13.38	11.20	0.88	6.81	0.55	0.00	0.00	0.00	0.24	10.59	0.30	4.08	8.76	1
169	3	0.477	0.329	0.40	64.67	13.38	11.20	0.88	6.81	0.55	0.00	0.00	0.00	0.24	10.95	0.30	4.22	9.05	1
170	3	0.490	0.339	0.40	64.67	13.38	11.20	0.88	6.81	0.55	0.00	0.00	0.00	0.24	11.25	0.30	4.34	9.18	1
171	3	0.521	0.350	0.40	64.67	13.38	11.20	0.88	6.81	0.55	0.00	0.00	0.00	0.24	11.61	0.29	4.49	9.28	1
172	3	0.530	0.359	0.40	64.67	13.38	11.20	0.88	6.81	0.55	0.00	0.00	0.00	0.24	11.84	0.29	4.59	9.43	1
173	3	0.560	0.369	0.40	64.67	13.38	11.20	0.88	6.81	0.55	0.00	0.00	0.00	0.24	12.20	0.28	4.75	9.45	1
174	3	0.629	0.379	0.40	64.67	13.38	11.20	0.88	6.81	0.55	0.00	0.00	0.00	0.24	12.68	0.28	4.95	9.59	1
175	3	0.666	0.389	0.40	64.67	13.38	11.20	0.88	6.81	0.55	0.00	0.00	0.00	0.24	13.10	0.28	5.13	9.76	1
176	3	0.685	0.399	0.40	64.67	13.38	11.20	0.88	6.81	0.55	0.00	0.00	0.00	0.24	13.39	0.28	5.25	9.94	1
177	3	0.707	0.409	0.40	64.67	13.38	11.20	0.88	6.81	0.55	0.00	0.00	0.00	0.24	13.75	0.27	5.39	10.17	1
178	3	0.757	0.419	0.40	64.67	13.38	11.20	0.88	6.81	0.55	0.00	0.00	0.00	0.24	14.17	0.27	5.58	10.21	1
179	3	0.884	0.429	0.40	64.67	13.38	11.20	0.88	6.81	0.55	0.00	0.00	0.00	0.24	14.59	0.26	5.80	10.01	1
180	3	0.925	0.439	0.40	64.67	13.38	11.20	0.88	6.81	0.55	0.00	0.00	0.00	0.24	14.95	0.25	5.96	10.14	1
181	3	0.925	0.450	0.40	64.67	13.38	11.20	0.88	6.81	0.55	0.00	0.00	0.00	0.24	15.18	0.26	6.04	10.41	1
182	3	1.029	0.460	0.40	64.67	13.38	11.20	0.88	6.81	0.55	0.00	0.00	0.00	0.24	15.60	0.25	6.24	10.41	1
183	3	1.094	0.469	0.40	64.67	13.38	11.20	0.88	6.81	0.55	0.00	0.00	0.00	0.24	16.02	0.25	6.42	10.58	1
184	3	1.152	0.479	0.40	64.67	13.38	11.20	0.88	6.81	0.55	0.00	0.00	0.00	0.24	16.38	0.25	6.58	10.70	1
185	3	1.274	0.489	0.40	64.67	13.38	11.20	0.88	6.81	0.55	0.00	0.00	0.00	0.24	16.61	0.23	6.74	10.35	1
186	3	1.313	0.500	0.40	64.67	13.38	11.20	0.88	6.81	0.55	0.00	0.00	0.00	0.24	16.97	0.23	6.88	10.57	1
187	5	0.331	0.114	0.35	58.11	15.09	6.99	9.22	5.37	3.02	0.00	0.00	0.00	1.67	7.11	0.33	2.68	6.90	1
188	5	0.415	0.142	0.35	58.11	15.09	6.99	9.22	5.37	3.02	0.00	0.00	0.00	1.67	9.42	0.28	3.67	7.21	1
189	5	0.504	0.174	0.35	58.11	15.09	6.99	9.22	5.37	3.02	0.00	0.00	0.00	1.67	11.28	0.31	4.32	9.65	1
190	5	0.669	0.232	0.35	58.11	15.09	6.99	9.22	5.37	3.02	0.00	0.00	0.00	1.67	13.24	0.28	5.15	10.22	1
191	5	0.835	0.274	0.35	58.11	15.09	6.99	9.22	5.37	3.02	0.00	0.00	0.00	1.67	13.78	0.26	5.47	9.55	1
192	5	1.004	0.336	0.35	58.11	15.09	6.99	9.22	5.37	3.02	0.00	0.00	0.00	1.67	14.92	0.27	5.89	10.66	1
193	5	0.335	0.182	0.45	58.11	15.09	6.99	9.22	5.37	3.02	0.00	0.00	0.00	1.67	1.13	0.32	0.43	1.05	1
194	5	0.419	0.219	0.45	58.11	15.09	6.99	9.22	5.37	3.02	0.00	0.00	0.00	1.67	1.72	0.27	0.68	1.24	1
195	5	0.504	0.256	0.45	58.11	15.09	6.99	9.22	5.37	3.02	0.00	0.00	0.00	1.67	2.32	0.32	0.88	2.14	1
196	5	0.665	0.327	0.45	58.11	15.09	6.99	9.22	5.37	3.02	0.00	0.00	0.00	1.67	3.26	0.28	1.28	2.42	1
197	5	0.839	0.386	0.45	58.11	15.09	6.99	9.22	5.37	3.02	0.00	0.00	0.00	1.67	3.67	0.24	1.48	2.37	1
198	5	0.500	0.273	0.5	58.11	15.09	6.99	9.22	5.37	3.02	0.00	0.00	0.00	1.67	1.43	0.46	0.49	6.19	1
199	5	0.585	0.312	0.5	58.11	15.09	6.99	9.22	5.37	3.02	0.00	0.00	0.00	1.67	1.90	0.43	0.66	4.51	1
200	5	0.669	0.345	0.5	58.11	15.09	6.99	9.22	5.37	3.02	0.00	0.00	0.00	1.67	2.37	0.42	0.83	4.89	1
201	5	0.750	0.370	0.5	58.11	15.09	6.99	9.22	5.37	3.02	0.00	0.00	0.00	1.67	2.72	0.45	0.94	8.34	1
202	5	0.835	0.395	0.5	58.11	15.09	6.99	9.22	5.37	3.02	0.00	0.00	0.00	1.67	3.07	0.45	1.06	9.40	1
203	5	1.004	0.430	0.5	58.11	15.09	6.99	9.22	5.37	3.02	0.00	0.00	0.00	1.67	3.39	0.43	1.19	8.06	1
204	8	0.500	0.24	0.43	67.50	23.60	3.80	0.00	0.00	0.30	1.00	1.40	0.00	2.20	7.90	0.24	3.19	5.03	1
205	8	0.750	0.34	0.43	67.50	23.60	3.80	0.00	0.00	0.30	1.00	1.40	0.00	2.20	9.65	0.24	3.90	6.14	1
206	8	1.000	0.39	0.43	67.50	23.60	3.80	0.00	0.00	0.30	1.00	1.40	0.00	2.20	11.40	0.24	4.60	7.25	1
207	8	1.250	0.43	0.43	67.50	23.60	3.80	0.00	0.00	0.30	1.00	1.40	0.00	2.20	11.65	0.24	4.71	7.41	1
208	8	0.50	0.18	0.42	68.20	23.10	3.60	0.00	0.00	0.00	1.00	2.70	0	1.10	7.54	0.24	3.05	4.80	1
209	8	0.75	0.26	0.42	68.20	23.10	3.60	0.00	0.00	0.00	1.00	2.70	0	1.10	9.24	0.24	3.73	5.88	1
210	8	1.00	0.32	0.42	68.20	23.10	3.60	0.00	0.00	0.00	1.00	2.70	0	1.10	10.69	0.24	4.32	6.80	1
211	8	1.25	0.36	0.42	68.20	23.10	3.60	0.00	0.00	0.00	1.00	2.70	0	1.10	10.87	0.24	4.39	6.91	1
212	9	0.24	0.11	0.35	68	2.3003	8	8.52096	0	0.55	0	0	0	0.24	2.27	0.37	0.83	2.86	1
213	9	0.30	0.16	0.35	68	2.3003	8	8.52096	0	0.55	0	0	0	0.24	3.25	0.20	1.35	1.82	1
214	9	0.33	0.19	0.35	68	2.3003	8	8.52096	0	0.55	0	0	0	0.24	4.62	0.31	1.77	3.95	1
215	9	0.37	0.21	0.35	68	2.3003	8	8.52096	0	0.55	0	0	0	0.24	5.98	0.35	2.21	6.79	1
216	9	0.41	0.23	0.35	68	2.3003	8	8.52096	0	0.55	0	0	0	0.24	7.15	0.32	2.71	6.71	1
217	9	0.46	0.24	0.35	68	2.3003	8	8.52096	0	0.55	0	0	0	0.24	8.39	0.30	3.23	7.01	1
218	9	0.50	0.26	0.35	68	2.3003	8	8.52096	0	0.55	0	0	0	0.24	9.89	0.30	3.80	8.30	1
219	9	0.55	0.26	0.35	68	2.3003	8	8.52096	0	0.55	0	0	0	0.24	10.67	0.31	4.06	9.57	1
220	9	0.59	0.27	0.35	68	2.3003	8	8.52096	0	0.55	0	0	0	0.24	11.51	0.32	4.35	10.96	1
221	9	0.67	0.30	0.35	68	2.3003	8	8.52096	0	0.55	0	0	0	0.24	13.92	0.31	5.31	12.30	1
222	9	0.71	0.31	0.35	68	2.3003	8	8.52096	0	0.55	0	0	0	0.24	14.31	0.30	5.52	11.76	1
223	9	0.74	0.32	0.35	68	2.3003	8	8.52096	0	0.55	0	0	0	0.24	14.77	0.30	5.70	12.05	1
224	9	0.78	0.33	0.35	68	2.3003	8	8.52096	0	0.55	0	0	0	0.24	15.29	0.29	5.93	12.04	1
225	9	0.82	0.33	0.35	68	2.3003	8	8.52096	0	0.55	0	0	0	0.24	15.68	0.32	5.93	14.63	1
226	9	0.87	0.34	0.35	68	2.3003	8	8.52096	0	0.55	0	0	0	0.24	16.20	0.32	6.14	14.91	1
227	9	0.92	0.35	0.35	68	2.3003	8	8.52096	0	0.55	0	0	0	0.24	16.46	0.30	6.35	13.45	1
228	9	0.96	0.36	0.35	68	2.3003	8	8.52096	0	0.55	0	0	0	0.24	17.17	0.35	6.37	18.71	1
229	9	1.00	0.36	0.35	68	2.3003	8	8.52096	0	0.55	0	0	0	0.24	17.37	0.29	6.74	13.69	1
230	9	1.09	0.38	0.35	68	2.3003	8	8.52096	0	0.55	0	0	0	0.24	18.02	0.33	6.79	17.33	1
231	9	1.17	0.38	0.35	68	2.3003	8	8.52096	0	0.55	0	0	0	0.24	18.28	0.30	7.02	15.30	1
232	9	1.26	0.39	0.35	68	2.3003	8	8.52096	0	0.55	0	0	0	0.24	18.79	0.32	7.10	17.73	1
233	9	1.51	0.42	0.35	68	2.3003	8	8.52096	0	0.55	0	0	0	0.24	20.03	0.32	7.59	18.40	1
234	9	1.67	0.43	0.35	68	2.3003	8	8.52096	0	0.55	0	0	0	0.24	20.35	0.28	7.96	15.32	1
235	9	1.83	0.44	0.35	68	2.3003	8	8.52096	0	0.55	0	0	0	0.24	20.74	0.26	8.22	14.52	1
236	9	2.00	0.45	0.35	68	2.3003	8	8.52096	0	0.55	0	0	0	0.24	21.13	0.28	8.24	16.12	1
237	9	2.16	0.45	0.35	68	2.3003	8	8.52096	0	0.55	0	0	0	0.24	21.12	0.26	8.37	14.77	1
238	9	2.32	0.45	0.35	68	2.3003	8	8.52096	0	0.55	0	0	0	0.24	21.32	0.29	8.24	17.20	1
239	9	2.49	0.46	0.35	68	2.3003	8	8.52096	0	0.55	0	0	0	0.24	21.44	0.27	8.42	15.76	1
240	9	3.00	0.47	0.35	68	2.3003	8	8.52096	0	0.55	0	0	0	0.24	21.96	0.27	8.68	15.57	1
241	9	3.50	0.47	0.35	68	2.3003	8	8.52096	0	0.55	0	0	0	0.24	22.01	0.25	8.81	14.68	1
242	9	4.00	0.48	0.35	68	2.3003	8	8.52096	0	0.55	0	0	0	0.24	22.20	0.24	8.98	13.99	1
243	9	0.24	0.09	0.50	68	2.3003	8	8.52096	0	0.55	0	0	0	0.24	0.39	0.07	0.18	0.15	1
244	9	0.30	0.15	0.50	68	2.3003	8	8.52096	0	0.55	0	0	0	0.24	0.84	0.16	0.36	0.41	1
245	9	0.34	0.16	0.50	68	2.3003	8	8.52096	0	0.55	0	0	0	0.24	1.10	0.12	0.49	0.48	1
246	9	0.38	0.17	0.50	68	2.3003	8	8.52096	0	0.55	0	0	0	0.24	1.56	0.20	0.65	0.86	1
247	9	0.41	0.19	0.50	68	2.3003	8	8.52096	0	0.55	0	0	0	0.24	2.21	0.29	0.86	1.74	1
248	9	0.45	0.21	0.50	68	2.3003	8	8.52096	0	0.55	0	0	0	0.24	2.66	0.25	1.06	1.77	1
249	9	0.50	0.23	0.50	68	2.3003	8	8.52096	0	0.55	0	0	0	0.24	3.30	0.38	1.20	4.40	1
250	9	0.59	0.27	0.50	68	2.3003	8	8.52096	0	0.55	0	0	0	0.24	5.46	0.31	2.08	4.86	1
251	9	0.68	0.29	0.50	68	2.3003	8	8.52096	0	0.55	0	0	0	0.24	6.37	0.26	2.52	4.48	1
252	9	0.75	0.30	0.50	68	2.3003	8	8.52096	0	0.55	0	0	0	0.24	6.95	0.27	2.73	5.12	1
253	9	0.84	0.31	0.50	68	2.3003	8	8.52096	0	0.55	0	0	0	0.24	7.54	0.28	2.94	5.80	1
254	9	0.92	0.32	0.50	68	2.3003	8	8.52096	0	0.55	0	0	0	0.24	7.99	0.26	3.17	5.56	1
255	9	1.01	0.34	0.50	68	2.3003	8	8.52096	0	0.55	0	0	0	0.24	8.51	0.26	3.38	5.90	1
256	9	1.10	0.36	0.50	68	2.3003	8	8.52096	0	0.55	0	0	0	0.24	8.77	0.26	3.48	6.07	1
257	9	1.18	0.37	0.50	68	2.3003	8	8.52096	0	0.55	0	0	0	0.24	9.03	0.27	3.56	6.49	1
258	9	1.52	0.41	0.50	68	2.3003	8	8.52096	0	0.55	0	0	0	0.24	9.87	0.26	3.92	6.81	1
259	9	1.67	0.42	0.50	68	2.3003	8	8.52096	0	0.55	0	0	0	0.24	10.13	0.25	4.05	6.75	1
260	9	2.00	0.47	0.50	68	2.3003	8	8.52096	0	0.55	0	0	0	0.24	11.23	0.26	4.47	7.71	1
261	9	2.49	0.50	0.50	68	2.3003	8	8.52096	0	0.55	0	0	0	0.24	11.74	0.26	4.65	8.29	1
262	9	3.01	0.56	0.50	68	2.3003	8	8.52096	0	0.55	0	0	0	0.24	12.78	0.24	5.16	8.11	1
263	9	4.00	0.58	0.50	68	2.3003	8	8.52096	0	0.55	0	0	0	0.24	13.74	0.23	5.57	8.56	1
264	9	0.330	0.104	0.60	68	2.3003	8	8.52096	0	0.55	0	0	0	0.24	0.52	0.11	0.23	0.22	1
265	9	0.378	0.167	0.60	68	2.3003	8	8.52096	0	0.55	0	0	0	0.24	0.84	0.08	0.39	0.34	1
266	9	0.406	0.194	0.60	68	2.3003	8	8.52096	0	0.55	0	0	0	0.24	1.17	0.18	0.49	0.61	1
267	9	0.447	0.227	0.60	68	2.3003	8	8.52096	0	0.55	0	0	0	0.24	1.75	0.35	0.65	1.95	1
268	9	0.502	0.243	0.60	68	2.3003	8	8.52096	0	0.55	0	0	0	0.24	2.14	0.18	0.91	1.11	1
269	9	0.571	0.272	0.60	68	2.3003	8	8.52096	0	0.55	0	0	0	0.24	2.79	0.25	1.12	1.86	1
270	9	0.619	0.284	0.60	68	2.3003	8	8.52096	0	0.55	0	0	0	0.24	3.05	0.15	1.32	1.46	1
271	9	0.668	0.298	0.60	68	2.3003	8	8.52096	0	0.55	0	0	0	0.24	3.37	0.23	1.38	2.06	1
272	9	0.709	0.315	0.60	68	2.3003	8	8.52096	0	0.55	0	0	0	0.24	3.83	0.32	1.45	3.49	1
273	9	0.750	0.326	0.60	68	2.3003	8	8.52096	0	0.55	0	0	0	0.24	4.09	0.27	1.61	2.97	1
274	9	0.792	0.333	0.60	68	2.3003	8	8.52096	0	0.55	0	0	0	0.24	4.28	0.25	1.71	2.86	1
275	9	0.826	0.351	0.60	68	2.3003	8	8.52096	0	0.55	0	0	0	0.24	4.74	0.29	1.84	3.68	1
276	9	0.867	0.363	0.60	68	2.3003	8	8.52096	0	0.55	0	0	0	0.24	5.06	0.28	1.97	3.89	1
277	9	0.929	0.358	0.60	68	2.3003	8	8.52096	0	0.55	0	0	0	0.24	4.93	0.22	2.03	2.91	1
278	9	0.957	0.386	0.60	68	2.3003	8	8.52096	0	0.55	0	0	0	0.24	5.58	0.26	2.21	3.96	1
279	9	1.012	0.386	0.60	68	2.3003	8	8.52096	0	0.55	0	0	0	0.24	5.58	0.22	2.29	3.34	1
280	9	1.108	0.403	0.60	68	2.3003	8	8.52096	0	0.55	0	0	0	0.24	5.97	0.25	2.39	3.98	1
281	9	1.170	0.418	0.60	68	2.3003	8	8.52096	0	0.55	0	0	0	0.24	6.30	0.25	2.52	4.20	1
282	9	1.260	0.436	0.60	68	2.3003	8	8.52096	0	0.55	0	0	0	0.24	6.69	0.26	2.65	4.69	1
283	9	1.349	0.448	0.60	68	2.3003	8	8.52096	0	0.55	0	0	0	0.24	6.94	0.29	2.70	5.41	1
284	9	1.500	0.456	0.60	68	2.3003	8	8.52096	0	0.55	0	0	0	0.24	7.14	0.23	2.91	4.37	1
285	9	1.672	0.485	0.60	68	2.3003	8	8.52096	0	0.55	0	0	0	0.24	7.39	0.24	2.98	4.72	1
286	9	1.823	0.512	0.60	68	2.3003	8	8.52096	0	0.55	0	0	0	0.24	7.59	0.20	3.17	4.20	1
287	9	1.995	0.526	0.60	68	2.3003	8	8.52096	0	0.55	0	0	0	0.24	7.91	0.22	3.24	4.71	1
288	9	2.483	0.559	0.60	68	2.3003	8	8.52096	0	0.55	0	0	0	0.24	8.68	0.26	3.45	6.02	1
289	9	2.655	0.563	0.60	68	2.3003	8	8.52096	0	0.55	0	0	0	0.24	8.81	0.22	3.60	5.30	1
290	9	2.820	0.572	0.60	68	2.3003	8	8.52096	0	0.55	0	0	0	0.24	9.07	0.24	3.65	5.84	1
291	9	2.992	0.586	0.60	68	2.3003	8	8.52096	0	0.55	0	0	0	0.24	9.46	0.26	3.76	6.53	1
292	9	3.494	0.597	0.60	68	2.3003	8	8.52096	0	0.55	0	0	0	0.24	9.77	0.27	3.86	6.99	1
293	9	3.996	0.605	0.60	68	2.3003	8	8.52096	0	0.55	0	0	0	0.24	10.03	0.27	3.96	7.16	1
294	10	0.503	0.299	0.40	62.2	18.3	5.6	9.8	1.5	1.3	1.2	0	0	0	2.913	0.407	1.04	5.22	1
295	10	0.744	0.391	0.40	62.2	18.3	5.6	9.8	1.5	1.3	1.2	0	0	0	7.434	0.326	2.80	7.11	1
296	10	1.000	0.403	0.40	62.2	18.3	5.6	9.8	1.5	1.3	1.2	0	0	0	8.895	0.307	3.40	7.67	1
297	10	1.513	0.447	0.40	62.2	18.3	5.6	9.8	1.5	1.3	1.2	0	0	0	10.357	0.288	4.02	8.13	1
298	10	1.987	0.488	0.40	62.2	18.3	5.6	9.8	1.5	1.3	1.2	0	0	0	11.672	0.282	4.55	8.91	1
299	10	3.007	0.571	0.40	62.2	18.3	5.6	9.8	1.5	1.3	1.2	0	0	0	13.135	0.278	5.14	9.86	1
300	10	5.003	0.598	0.40	62.2	18.3	5.6	9.8	1.5	1.3	1.2	0	0	0	15.037	0.266	5.94	10.71	1
301	10	6.969	0.626	0.40	62.2	18.3	5.6	9.8	1.5	1.3	1.2	0	0	0	15.843	0.263	6.27	11.12	1
302	10	13.848	0.719	0.40	62.2	18.3	5.6	9.8	1.5	1.3	1.2	0	0	0	17.456	0.270	6.87	12.63	1
303	10	27.516	0.729	0.40	62.2	18.3	5.6	9.8	1.5	1.3	1.2	0	0	0	18.631	0.274	7.31	13.77	1
304	10	90.964	0.819	0.40	62.2	18.3	5.6	9.8	1.5	1.3	1.2	0	0	0	20.616	0.271	8.11	15.00	1
305	10	180.746	0.829	0.40	62.2	18.3	5.6	9.8	1.5	1.3	1.2	0	0	0	21.355	0.271	8.40	15.53	1
306	10	0.503	0.240	0.40	41.6	38.6	3.7	12.7	0.2	0.8	2.4	0	0	0	2.48	0.42	0.87	5.09	1
307	10	0.753	0.290	0.40	41.6	38.6	3.7	12.7	0.2	0.8	2.4	0	0	0	5.76	0.34	2.15	5.96	1
308	10	0.988	0.354	0.40	41.6	38.6	3.7	12.7	0.2	0.8	2.4	0	0	0	7.58	0.31	2.89	6.70	1
309	10	1.496	0.377	0.40	41.6	38.6	3.7	12.7	0.2	0.8	2.4	0	0	0	8.83	0.29	3.43	6.85	1
310	10	1.987	0.395	0.40	41.6	38.6	3.7	12.7	0.2	0.8	2.4	0	0	0	9.71	0.27	3.81	7.14	1
311	10	2.972	0.433	0.40	41.6	38.6	3.7	12.7	0.2	0.8	2.4	0	0	0	10.59	0.26	4.18	7.51	1
312	10	5.003	0.497	0.40	41.6	38.6	3.7	12.7	0.2	0.8	2.4	0	0	0	11.91	0.26	4.73	8.19	1
313	10	6.969	0.559	0.40	41.6	38.6	3.7	12.7	0.2	0.8	2.4	0	0	0	12.93	0.25	5.15	8.77	1
314	10	14.013	0.599	0.40	41.6	38.6	3.7	12.7	0.2	0.8	2.4	0	0	0	14.40	0.25	5.76	9.62	1
315	10	27.844	0.671	0.40	41.6	38.6	3.7	12.7	0.2	0.8	2.4	0	0	0	15.79	0.25	6.30	10.66	1
316	10	90.964	0.774	0.40	41.6	38.6	3.7	12.7	0.2	0.8	2.4	0	0	0	18.29	0.26	7.26	12.71	1
317	10	182.899	0.822	0.40	41.6	38.6	3.7	12.7	0.2	0.8	2.4	0	0	0	19.75	0.26	7.83	13.79	1
318	10	0.509	0.265	0.40	24.5	61.3	2.2	8.3	0.6	0.7	2.4	0	0	0	1.89	0.43	0.66	4.56	1
319	10	0.744	0.327	0.40	24.5	61.3	2.2	8.3	0.6	0.7	2.4	0	0	0	3.94	0.37	1.43	5.24	1
320	10	1.000	0.331	0.40	24.5	61.3	2.2	8.3	0.6	0.7	2.4	0	0	0	4.74	0.35	1.75	5.39	1
321	10	1.496	0.348	0.40	24.5	61.3	2.2	8.3	0.6	0.7	2.4	0	0	0	5.99	0.32	2.27	5.58	1
322	10	1.987	0.369	0.40	24.5	61.3	2.2	8.3	0.6	0.7	2.4	0	0	0	6.87	0.31	2.62	6.03	1
323	10	2.972	0.410	0.40	24.5	61.3	2.2	8.3	0.6	0.7	2.4	0	0	0	7.60	0.29	2.94	6.14	1
324	10	5.003	0.434	0.40	24.5	61.3	2.2	8.3	0.6	0.7	2.4	0	0	0	8.34	0.27	3.29	5.94	1
325	10	6.969	0.451	0.40	24.5	61.3	2.2	8.3	0.6	0.7	2.4	0	0	0	9.00	0.26	3.58	6.16	1
326	10	14.013	0.508	0.40	24.5	61.3	2.2	8.3	0.6	0.7	2.4	0	0	0	10.03	0.25	4.00	6.80	1
327	10	27.844	0.618	0.40	24.5	61.3	2.2	8.3	0.6	0.7	2.4	0	0	0	11.57	0.25	4.64	7.59	1
328	10	89.893	0.757	0.40	24.5	61.3	2.2	8.3	0.6	0.7	2.4	0	0	0	14.21	0.25	5.68	9.54	1
329	10	180.746	0.810	0.40	24.5	61.3	2.2	8.3	0.6	0.7	2.4	0	0	0	15.68	0.25	6.26	10.58	1
330	10	0.497	0.273	0.55	62.2	18.3	5.6	9.8	1.5	1.3	1.2	0	0	0	0.22	0.48	0.07	1.79	1
331	10	0.744	0.375	0.55	62.2	18.3	5.6	9.8	1.5	1.3	1.2	0	0	0	2.34	0.42	0.82	4.73	1
332	10	1.000	0.428	0.55	62.2	18.3	5.6	9.8	1.5	1.3	1.2	0	0	0	4.02	0.37	1.46	5.19	1
333	10	1.496	0.452	0.55	62.2	18.3	5.6	9.8	1.5	1.3	1.2	0	0	0	5.04	0.34	1.87	5.42	1
334	10	1.987	0.475	0.55	62.2	18.3	5.6	9.8	1.5	1.3	1.2	0	0	0	5.56	0.34	2.08	5.62	1
335	10	3.007	0.523	0.55	62.2	18.3	5.6	9.8	1.5	1.3	1.2	0	0	0	6.44	0.31	2.45	5.73	1
336	10	5.063	0.589	0.55	62.2	18.3	5.6	9.8	1.5	1.3	1.2	0	0	0	7.39	0.27	2.90	5.43	1
337	10	6.969	0.648	0.55	62.2	18.3	5.6	9.8	1.5	1.3	1.2	0	0	0	8.05	0.26	3.19	5.68	1
338	10	14.013	0.747	0.55	62.2	18.3	5.6	9.8	1.5	1.3	1.2	0	0	0	9.66	0.26	3.84	6.68	1
339	10	27.844	0.814	0.55	62.2	18.3	5.6	9.8	1.5	1.3	1.2	0	0	0	10.91	0.26	4.33	7.55	1
340	10	90.964	0.891	0.55	62.2	18.3	5.6	9.8	1.5	1.3	1.2	0	0	0	12.83	0.27	5.05	9.28	1
341	10	182.899	0.930	0.55	62.2	18.3	5.6	9.8	1.5	1.3	1.2	0	0	0	13.93	0.27	5.47	10.18	1
342	10	0.497	0.200	0.55	41.6	38.6	3.7	12.7	0.2	0.8	2.4	0	0	0	0.44	0.48	0.15	4.36	1
343	10	0.744	0.290	0.55	41.6	38.6	3.7	12.7	0.2	0.8	2.4	0	0	0	2.05	0.42	0.72	4.53	1
344	10	1.000	0.335	0.55	41.6	38.6	3.7	12.7	0.2	0.8	2.4	0	0	0	3.00	0.40	1.07	5.17	1
345	10	1.496	0.364	0.55	41.6	38.6	3.7	12.7	0.2	0.8	2.4	0	0	0	4.46	0.37	1.63	5.51	1
346	10	1.987	0.387	0.55	41.6	38.6	3.7	12.7	0.2	0.8	2.4	0	0	0	5.05	0.35	1.87	5.55	1
347	10	2.972	0.434	0.55	41.6	38.6	3.7	12.7	0.2	0.8	2.4	0	0	0	5.78	0.32	2.19	5.35	1
348	10	5.003	0.477	0.55	41.6	38.6	3.7	12.7	0.2	0.8	2.4	0	0	0	6.52	0.29	2.53	5.14	1
349	10	7.052	0.520	0.55	41.6	38.6	3.7	12.7	0.2	0.8	2.4	0	0	0	7.25	0.28	2.83	5.53	1
350	10	14.013	0.570	0.55	41.6	38.6	3.7	12.7	0.2	0.8	2.4	0	0	0	8.43	0.28	3.30	6.26	1
351	10	28.511	0.669	0.55	41.6	38.6	3.7	12.7	0.2	0.8	2.4	0	0	0	10.26	0.27	4.03	7.54	1
352	10	92.047	0.806	0.55	41.6	38.6	3.7	12.7	0.2	0.8	2.4	0	0	0	12.17	0.27	4.79	8.85	1
353	10	182.899	0.877	0.55	41.6	38.6	3.7	12.7	0.2	0.8	2.4	0	0	0	13.35	0.27	5.25	9.71	1
354	10	0.503	0.262	0.55	24.5	61.3	2.2	8.3	0.6	0.7	2.4	0	0	0	0.22	0.48	0.07	2.04	1
355	10	0.744	0.318	0.55	24.5	61.3	2.2	8.3	0.6	0.7	2.4	0	0	0	1.10	0.46	0.38	4.38	1
356	10	0.988	0.336	0.55	24.5	61.3	2.2	8.3	0.6	0.7	2.4	0	0	0	1.83	0.44	0.64	4.92	1
357	10	1.513	0.359	0.55	24.5	61.3	2.2	8.3	0.6	0.7	2.4	0	0	0	3.08	0.42	1.09	6.05	1
358	10	2.011	0.381	0.55	24.5	61.3	2.2	8.3	0.6	0.7	2.4	0	0	0	3.59	0.40	1.29	5.76	1
359	10	3.043	0.422	0.55	24.5	61.3	2.2	8.3	0.6	0.7	2.4	0	0	0	5.20	0.37	1.90	6.43	1
360	10	5.063	0.446	0.55	24.5	61.3	2.2	8.3	0.6	0.7	2.4	0	0	0	6.37	0.35	2.35	7.24	1
361	10	6.969	0.467	0.55	24.5	61.3	2.2	8.3	0.6	0.7	2.4	0	0	0	7.10	0.34	2.65	7.46	1
362	10	14.013	0.531	0.55	24.5	61.3	2.2	8.3	0.6	0.7	2.4	0	0	0	8.43	0.31	3.22	7.26	1
363	10	27.844	0.653	0.55	24.5	61.3	2.2	8.3	0.6	0.7	2.4	0	0	0	10.26	0.28	4.00	7.87	1
364	10	90.964	0.857	0.55	24.5	61.3	2.2	8.3	0.6	0.7	2.4	0	0	0	14.21	0.28	5.56	10.67	1
365	10	182.899	0.916	0.55	24.5	61.3	2.2	8.3	0.6	0.7	2.4	0	0	0	15.02	0.28	5.89	11.16	1
